 xcm:   0.106066017177982141461711762531E+01   0.758252021445694435186624104972E+01    0
      0  -2.08930156069755     -2  -4.66552484078946      0   2.19525227432671     -1  -1.47694242946762      0  13w
      1   6.62103694317753     -2  -4.60618637136959      0   2.26767095093809     -1   1.58988390953740     -1  13w
      2   1.67877184117405     -1  -3.96424452253883      0   1.94695721684857     -1   1.68716634267341      0  14w
      3   2.68541555163814     -1  -2.75910542014000      0   9.65667451793613     -2   2.93667902714677      0  14w
      4   3.11756538862003     -1  -1.12894852853298      0  -8.92598599417055     -2   3.70746985694012      0  14w
      5   2.39328888135386     -1   2.28661541057812     -1  -3.03746488007905     -1   4.11819505215883      0  14w
      6   1.23360083751669     -1   6.29168341440216     -1  -5.07708468831834     -1   5.96322623456858      0  14w
      7   4.90068090519378     -2   4.47473624781566     -1  -8.82390329430951     -1   1.34718378238877      1  14w
      8   1.65253784645897     -2   2.14393296202761     -1  -1.93719037681297      0   3.87124297401253      1  14w
      9   4.90835335551279     -3   8.15613682120152     -2  -5.26180409283166      0   1.27516948472893      2  14w
     10   1.30660672949805     -3   2.62566881343130     -2  -1.67877072810400      1   4.70125076322073      2  14w
     11   3.15413701276646     -4   7.39560589153835     -3  -6.08718403115206      1   1.91771644577169      3  14w
     12   6.96835657349879     -5   1.86081710932441     -3  -2.45980465307713      2   8.57208609077415      3  14w
     13   1.41958373778793     -5   4.24284048219627     -4  -1.09328929905139      3   4.16455160469162      4  14w
     14   2.68356605569622     -6   8.86018515733384     -5  -5.29287424238813      3   2.18403315890851      5  14w
     15   4.73281287941120     -7   1.70862461381000     -5  -2.76980530178441      4   1.22929523395812      6  14w
     16   7.82343893580358     -8   3.06307416910117     -6  -1.55704806555783      5   7.38962516068147      6  14w
     17   1.21704174603597     -8   5.13295808830825     -7  -9.35378482478633      5   4.72401485111255      7  14w
     18   1.78809313471909     -9   8.07792583805748     -8  -5.97829045625033      6   3.19970085700775      8  14w
     19   2.48899812797540    -10   1.19864963395862     -8  -4.04951227834675      7   2.28872627736709      9  14w
     20   3.29181436509878    -11   1.68290212580646     -9  -2.89736893080844      8   1.72384978850187     10  14w
     21   4.14691468782792    -12   2.24250131697557    -10  -2.18317444243612      9   1.36361866430813     11  14w
     22   4.98758946039937    -13   2.84379533679756    -11  -1.72784415366482     10   1.13019460158410     12  14w
     23   5.73902114628314    -14   3.44046037707147    -12  -1.43290475918887     11   9.79388233392358     12  14w
     24   6.32984562006394    -15   3.97963993905014    -13  -1.24248546350155     12   8.85635668262862     13  14w
     25   6.70369395255373    -16   4.41008889132651    -14  -1.12428498458573     13   8.34224406475022     14  14w
     26   6.82806989084483    -17   4.69048659912950    -15  -1.05973238381032     14   8.17203305508316     15  14w
     27   6.69865828788466    -18   4.79600366157862    -16  -1.03881581283747     15   8.31273539950968     16  14w
 xcm:   0.106066017177982141461711762531E+01   0.758252021445694435186624104972E+01    1
      1   2.19088687391132     -1  -2.43445927800706      0   6.40904141590304     -2   4.10351027395011      0  13w
      2   2.46686980429166     -1  -1.09434112997795      0  -1.52215787886023     -2   4.34443593603397      0  14w
      3   2.48889672490239     -1   1.03976848454596     -1  -1.14282639893047     -1   4.19131667389043      0  14w
      4   2.16701398203361     -1   9.06360552941777     -1  -2.29177655077430     -1   3.91017595568788      0  14w
      5   1.53312909442939     -1   1.12547016781486      0  -3.58326724032865     -1   4.25125416466883      0  14w
      6   8.46723457906331     -2   8.69159898623351     -1  -5.43230691889453     -1   6.88422937219912      0  14w
      7   3.69753257398992     -2   4.87097263049524     -1  -9.56325041741800     -1   1.59358940262864      1  14w
      8   1.33395007910007     -2   2.15177570756307     -1  -2.11632076824660      0   4.49547123644044      1  14w
      9   4.13804510805550     -3   7.91486869525410     -2  -5.73619328567215      0   1.45248783093162      2  14w
     10   1.13382707461407     -3   2.51037659501602     -2  -1.82063315265394      1   5.27426722233536      2  14w
     11   2.79304054078748     -4   7.02627159016908     -3  -6.56541817783456      1   2.12583405833492      3  14w
     12   6.26326811306809     -5   1.76405317215994     -3  -2.63959749264404      2   9.41072838243011      3  14w
     13   1.29060855143070     -5   4.02185662740384     -4  -1.16786288589294      3   4.53553847597676      4  14w
     14   2.46194728606930     -6   8.40679856130429     -5  -5.63100840664270      3   2.36264461295079      5  14w
     15   4.37409019794364     -7   1.62358729033547     -5  -2.93612886184200      4   1.32222246578528      6  14w
     16   7.27495996809586     -8   2.91559335046763     -6  -1.64523033728825      5   7.90899087254608      6  14w
     17   1.13761576819211     -8   4.89452041853732     -7  -9.85496504876958      5   5.03425605074902      7  14w
     18   1.67888408417596     -9   7.71634800147892     -8  -6.28220199070842      6   3.39690881945331      8  14w
     19   2.34608504964384    -10   1.14696773538895     -8  -4.24533535874232      7   2.42161687550298      9  14w
     20   3.11343014795357    -11   1.61299392674852     -9  -3.03096211169148      8   1.81846326480914     10  14w
     21   3.93410195886837    -12   2.15270860337624    -10  -2.27936399367371      9   1.43457780443038     11  14w
     22   4.74447175412226    -13   2.73395976341592    -11  -1.80073342675404     10   1.18610656532900     12  14w
     23   5.47259639456610    -14   3.31218574770780    -12  -1.49088584510832     11   1.02556274530163     13  14w
     24   6.04931667666440    -15   3.83628432697243    -13  -1.29079114319050     12   9.25516103256258     13  14w
     25   6.41945617576897    -16   4.25647092164515    -14  -1.16634731840538     13   8.70176262861647     14  14w
     26   6.55054808906017    -17   4.53235661240476    -15  -1.09793962788083     14   8.50971219771462     15  14w
     27   6.43720612839713    -18   4.63938247442062    -16  -1.07495667717012     15   8.64264177684002     16  14w
     28   6.10044219592404    -19   4.57220679355128    -17  -1.09296353013290     16   9.10315412233403     17  14w
 xcm:   0.106066017177982141461711762531E+01   0.758252021445694435186624104972E+01    2
      2   1.96619260343381     -1   1.21521979649062      0  -1.67692314180043     -1   4.32956141528859      0  12w
      3   1.67622033352436     -1   1.56544801035722      0  -2.38995956921106     -1   4.06224900230946      0  13w
      4   1.28265211653553     -1   1.54996653406554      0  -3.22272476023859     -1   4.33123387976559      0  13w
      5   8.49584271775947     -2   1.23665395531931      0  -4.41667191410744     -1   5.98962010843264      0  14w
      6   4.71349213754722     -2   7.96270370301334     -1  -6.71101110629975     -1   1.10465921641823      1  14w
      7   2.16320522625194     -2   4.15611974234646     -1  -1.22362405551834      0   2.52636858920926      1  14w
      8   8.30404561733459     -3   1.79232044362420     -1  -2.74231193074247      0   6.78642718669295      1  14w
      9   2.72755403091424     -3   6.55445923039658     -2  -7.37869731457747      0   2.09500698905211      2  14w
     10   7.84086224751261     -4   2.08189912045706     -2  -2.30879961118793      1   7.32558967216196      2  14w
     11   2.00910139763609     -4   5.85394668302202     -3  -8.20036692532115      1   2.86204108987577      3  14w
     12   4.65362033609888     -5   1.47864373703470     -3  -3.25016793617094      2   1.23446713567779      4  14w
     13   9.85039871561911     -6   3.39363636398937     -4  -1.41948357393637      3   5.82044536560640      4  14w
     14   1.92188923532962     -6   7.14199451997263     -5  -6.76503367623878      3   2.97571700830742      5  14w
     15   3.48052638343791     -7   1.38857752686112     -5  -3.49082856232906      4   1.63863022712029      6  14w
     16   5.88455372290768     -8   2.50971120763246     -6  -1.93781581184784      5   9.66466453777903      6  14w
     17   9.33365035247295     -9   4.23912149984993     -7  -1.15100400050510      6   6.07622506826496      7  14w
     18   1.39467433530912     -9   6.72202370101959     -8  -7.28149404268407      6   4.05538707739749      8  14w
     19   1.97038729997273    -10   1.00464505804068     -8  -4.88666829553374      7   2.86299788709159      9  14w
     20   2.64039706116729    -11   1.42010714258637     -9  -3.46689105374128      8   2.13120411499457     10  14w
     21   3.36549747791262    -12   1.90441048999923    -10  -2.59218371683871      9   1.66810404834865     11  14w
     22   4.09057398085748    -13   2.42953058347796    -11  -2.03703953471895     10   1.36937554651889     12  14w
     23   4.75178389284899    -14   2.95581023203464    -12  -1.67831697105331     11   1.17635723348897     13  14w
     24   5.28634523570715    -15   3.43708075041726    -13  -1.44652625559569     12   1.05531402758236     14  14w
     25   5.64273289279092    -16   3.82771618017459    -14  -1.30161523566960     13   9.86821144616973     14  14w
     26   5.78892426513785    -17   4.09003841741106    -15  -1.22052329355029     14   9.60212021337950     15  14w
     27   5.71688385506777    -18   4.20035977695338    -16  -1.19065748757785     15   9.70702248235535     16  14w
     28   5.44251399600960    -19   4.15233086829420    -17  -1.20651803097927     16   1.01804419259918     18  14w
     29   5.00146252304652    -20   3.95700623859939    -18  -1.26814107657710     17   1.10618437167781     19  14w
 xcm:   0.106066017177982141461711762531E+01   0.758252021445694435186624104972E+01    3
      3   9.58766785915883     -2   1.70571976671295      0  -3.31924846879847     -1   5.09912752291420      0  11w
      4   6.78042972265176     -2   1.35643461455076      0  -4.28569969461442     -1   6.98674067928400      0  12w
      5   4.27641419554694     -2   9.43727805662602     -1  -6.00930714807300     -1   1.14101005151598      1  12w
      6   2.34599556024161     -2   5.64154904511785     -1  -9.62976169844004     -1   2.18154911511626      1  13w
      7   1.10109413029276     -2   2.86393726884499     -1  -1.82716106475260      0   4.82947553178315      1  13w
      8   4.41040784765615     -3   1.23527004596970     -1  -4.13283470028481      0   1.23467377799399      2  14w
      9   1.52177580082780     -3   4.57647814824882     -2  -1.09919984488853      1   3.62741854369905      2  14w
     10   4.59057723920365     -4   1.47897673505038     -2  -3.37166167855424      1   1.21204205026919      3  14w
     11   1.22915475344086     -4   4.23337677366652     -3  -1.17182120953662      2   4.54769517261839      3  14w
     12   2.96038996009198     -5   1.08760807000774     -3  -4.54780428652740      2   1.89311315829113      4  14w
     13   6.48499422084882     -6   2.53574413982351     -4  -1.94783216018121      3   8.65286483430718      4  14w
     14   1.30392390821687     -6   5.41418756456167     -5  -9.11916020315099      3   4.30492716444455      5  14w
     15   2.42468251162621     -7   1.06668020637506     -5  -4.63012204730407      4   2.31441529441409      6  14w
     16   4.19620930992781     -8   1.95147596478431     -6  -2.53286011525552      5   1.33638857804750      7  14w
     17   6.79479669130978     -9   3.33322442376583     -7  -1.48455931235277      6   8.24485665430987      7  14w
     18   1.03418057419328     -9   5.34019051484313     -8  -9.27862966076018      6   5.41067678032688      8  14w
     19   1.48536524488675    -10   8.05742175407040     -9  -6.15855412065641      7   3.76229015366013      9  14w
     20   2.02016623490358    -11   1.14901341956371     -9  -4.32528686548359      8   2.76252967782582     10  14w
     21   2.60963931067873    -12   1.55349439381613    -10  -3.20411976958071      9   2.13554406082178     11  14w
     22   3.21061902872312    -13   1.99695485007042    -11  -2.49648783185580     10   1.73337549432427     12  14w
     23   3.77106462945956    -14   2.44677802543308    -12  -2.04067867505991     11   1.47372019228853     13  14w
     24   4.23792850895397    -15   2.86402166505754    -13  -1.74602613970800     12   1.30958441756618     14  14w
     25   4.56579107935589    -16   3.20929626534121    -14  -1.56047749708691     13   1.21392922498722     15  14w
     26   4.72424769638576    -17   3.44915308752736    -15  -1.45403578537790     14   1.17169762620394     16  14w
     27   4.70238598392893    -18   3.56149833181257    -16  -1.41011192711489     15   1.17567349272725     17  14w
     28   4.50951042026734    -19   3.53882149659829    -17  -1.42103331025293     16   1.22447851089197     18  14w
     29   4.17225961436295    -20   3.38863581169922    -18  -1.48590910825502     17   1.32191606529384     19  14w
     30   3.72910046656268    -21   3.13125803048634    -19  -1.61001657509049     18   1.47735480698272     20  14w
 xcm:   0.106066017177982141461711762531E+01   0.758252021445694435186624104972E+01    4
      4   3.29391844372954     -2   9.20153779770204     -1  -6.25117797164053     -1   1.45678676427893      1  11w
      5   2.00021951605148     -2   5.94567892978460     -1  -9.35073762747565     -1   2.49519286304792      1  11w
      6   1.08108163126428     -2   3.40103081509825     -1  -1.58624170970493      0   4.76904310088254      1  12w
      7   5.11927077845538     -3   1.69856493020190     -1  -3.10574943468786      0   1.03047191416662      2  12w
      8   2.10767287828836     -3   7.36089071090231     -2  -7.05663905449758      0   2.54131796186076      2  13w
      9   7.55588038146549     -4   2.77462471491700     -2  -1.85215143736035      1   7.16204651594532      2  13w
     10   2.37761931924948     -4   9.17477116835026     -3  -5.55870870731247      1   2.29245857304689      3  13w
     11   6.63939162503959     -5   2.69102288576609     -3  -1.88471967406922      2   8.25189770871458      3  13w
     12   1.66387977244663     -5   7.07998530218067     -4  -7.13487651091777      2   3.30498623639304      4  14w
     13   3.78083495400582     -6   1.68792961966105     -4  -2.98414624834546      3   1.45828978388537      5  14w
     14   7.85992057041419     -7   3.67890264142030     -5  -1.36646834751611      4   7.02739648243131      5  14w
     15   1.50642765543112     -7   7.38595647854690     -6  -6.79761874310156      4   3.67086344345768      6  14w
     16   2.67933270848491     -8   1.37475629230196     -6  -3.64938073206909      5   2.06528016771670      7  14w
     17   4.44728376089841     -9   2.38553277650068     -7  -2.10244218485991      6   1.24461072980126      8  14w
     18   6.92243546322126    -10   3.87766997980579     -8  -1.29343571390040      7   7.99583473298305      8  14w
     19   1.01472629322126    -10   5.92925591496694     -9  -8.46117153781518      7   5.45342791264933      9  14w
     20   1.40594083826003    -11   8.55994845613747    -10  -5.86350396129659      8   3.93434240711438     10  14w
     21   1.84725265145833    -12   1.17057187198405    -10  -4.29032314372964      9   2.99279594040883     11  14w
     22   2.30824207044647    -13   1.52069319779377    -11  -3.30485147350970     10   2.39356033980114     12  14w
     23   2.75013134486105    -14   1.88162138961778    -12  -2.67300444093413     11   2.00754029791258     13  14w
     24   3.13148563424509    -15   2.22274487070415    -13  -2.26466258107782     12   1.76172441401912     14  14w
     25   3.41494095106458    -16   2.51210646430428    -14  -2.00553945025295     13   1.61421626070867     15  14w
     26   3.57337895626199    -17   2.72156898484976    -15  -1.85282669919490     14   1.54139435490979     16  14w
     27   3.59412264553422    -18   2.83141493839829    -16  -1.78254091538202     15   1.53124125040236     17  14w
     28   3.48029649191599    -19   2.83333269251236    -17  -1.78293134100003     16   1.58002175555407     18  14w
     29   3.24926560710404    -20   2.73119700816368    -18  -1.85125304311512     17   1.69098058504154     19  14w
     30   2.92878106940220    -21   2.53964048513407    -19  -1.99263842774891     18   1.87449880224117     20  14w
     31   2.55190791853717    -22   2.28093972852865    -20  -2.22056026377949     19   2.14961428070018     21  14w
 xcm:   0.106066017177982141461711762531E+01   0.758252021445694435186624104972E+01    5
      5   8.81959617578853     -3   3.30426958988389     -1  -1.64925514737108      0   5.78370947905079      1  10w
      6   4.69548419940137     -3   1.83217520609420     -1  -2.92322396075229      0   1.10632325583958      2  12w
      7   2.22803469365486     -3   9.03771400698682     -2  -5.85018884644226      0   2.36232787433466      2  11w
      8   9.33549566203607     -4   3.93249217925284     -2  -1.33161037716503      1   5.69228954553946      2  12w
      9   3.44444198867948     -4   1.50609088297958     -2  -3.45122694231272      1   1.55401670710328      3  13w
     10   1.12264941872050     -4   5.09506099062138     -3  -1.01420094258302      2   4.79505541177283      3  13w
     11   3.25514340089346     -5   1.53353592318763     -3  -3.35372034314691      2   1.66122672381820      4  13w
     12   8.46993121830542     -6   4.14266398008076     -4  -1.23675746890630      3   6.40750328609827      4  13w
     13   1.99540842361542     -6   1.01330363851977     -4  -5.04074354931838      3   2.72765113456574      5  14w
     14   4.29170363106102     -7   2.26273705810795     -5  -2.25187328587887      4   1.27110004902547      6  13w
     15   8.48990785075789     -8   4.64668585227831     -6  -1.09448465460379      5   6.43688431717795      6  14w
     16   1.55486560319126     -8   8.83202975906103     -7  -5.74992894844633      5   3.51942152441874      7  14w
     17   2.65145016800119     -9   1.56252322901792     -7  -3.24661439265820      6   2.06591528359860      8  14w
     18   4.23103169913088    -10   2.58568443956459     -8  -1.96043959229733      7   1.29554776972777      9  14w
     19   6.34578129005863    -11   4.01958216380148     -9  -1.26047617134030      8   8.64195288662264      9  14w
     20   8.98000537586060    -12   5.89243889748220    -10  -8.59611552760417      8   6.10842983958661     10  14w
     21   1.20310906279183    -12   8.17304332745065    -11  -6.19689107455713      9   4.55971621762317     11  14w
     22   1.53070394144779    -13   1.07585688710835    -11  -4.70790729687020     10   3.58367623694248     12  14w
     23   1.85445774055286    -14   1.34765833997626    -12  -3.75906479068936     11   2.95754747835199     13  14w
     24   2.14459273350096    -15   1.61033708042227    -13  -3.14675143813431     12   2.55677976550591     14  14w
     25   2.37265702860051    -16   1.83959848090764    -14  -2.75555946989636     13   2.31026176519379     15  14w
     26   2.51627877030257    -17   2.01312090105721    -15  -2.51908894857727     14   2.17756127843660     16  14w
     27   2.56277493703422    -18   2.11423549049996    -16  -2.39972562675973     15   2.13713528381337     17  14w
     28   2.51082788490323    -19   2.13453738271451    -17  -2.37809360828004     16   2.18033747211983     18  14w
     29   2.36998589900352    -20   2.07488122426084    -18  -2.44776296508631     17   2.30877509210839     19  14w
     30   2.15830193604946    -21   1.94465494387265    -19  -2.61311617497649     18   2.53392375276039     20  14w
     31   1.89882590088690    -22   1.75965186221424    -20  -2.88947677569815     19   2.87867815486975     21  14w
     32   1.61581702030281    -23   1.53914688898698    -21  -3.30532629256470     20   3.38107538231924     22  14w
 xcm:   0.106066017177982141461711762531E+01   0.758252021445694435186624104972E+01    6
      6   1.94355177629213     -3   9.07150593385039     -2  -5.87738487905354      0   2.68524292113073      2  10w
      7   9.20869438875827     -4   4.42781954729194     -2  -1.19481569451183      1   5.71215996566432      2  11w
      8   3.90153031177074     -4   1.93139024362037     -2  -2.72210654874529      1   1.35668093713571      3  11w
      9   1.47080494539296     -4   7.49455957637700     -3  -6.97875767408446      1   3.61727796121246      3  12w
     10   4.93327284792858     -5   2.58775293693285     -3  -2.01231427100636      2   1.08309631959234      4  12w
     11   1.47794586467866     -5   7.98285912080453     -4  -6.49873331295958      2   3.62850541960021      4  13w
     12   3.97963668949714     -6   2.21412079851103     -4  -2.33552574636835      3   1.35174291504293      5  12w
     13   9.70153935874717     -7   5.56160242298492     -5  -9.27225125281913      3   5.55965824298039      5  14w
     14   2.15692031555861     -7   1.27442968144527     -5  -4.03688210796016      4   2.50628612104581      6  14w
     15   4.40381510818411     -8   2.68238591098869     -6  -1.91415073682303      5   1.22986336368614      7  13w
     16   8.30931036749934     -9   5.21816633708288     -7  -9.82328273244590      5   6.52837511494816      7  14w
     17   1.45712312577506     -9   9.43457502867363     -8  -5.42569782034434      6   3.72766475048690      8  13w
     18   2.38674306129154    -10   1.59324052592510     -8  -3.20931135157660      7   2.27815763351603      9  14w
     19   3.66800993053463    -11   2.52405890022225     -9  -2.02398636534335      8   1.48361676594468     10  14w
     20   5.30996722272854    -12   3.76590172852052    -10  -1.35562138316615      9   1.02551384810302     11  14w
     21   7.26645801258727    -13   5.31004310652755    -11  -9.60915174076166      9   7.49757423006887     11  14w
     22   9.42960970590799    -14   7.09800188220387    -12  -7.18601416215024     10   5.77961102854861     12  14w
     23   1.16368257044252    -14   9.01977378943351    -13  -5.65361234761327     11   4.68439720724798     13  14w
     24   1.36915737077718    -15   1.09237247011946    -13  -4.66763466930551     12   3.98185506867409     14  14w
     25   1.53940468888678    -16   1.26372579598139    -14  -4.03461470826998     13   3.54158668324048     15  14w
     26   1.65746152018515    -17   1.39940694153115    -15  -3.64362261015779     14   3.28916900368369     16  14w
     27   1.71220416937357    -18   1.48616896005086    -16  -3.43132194295139     15   3.18364933570081     17  14w
     28   1.69999942194319    -19   1.51628426441805    -17  -3.36376989177753     16   3.20597195716147     18  14w
     29   1.62487752901952    -20   1.48859342708301    -18  -3.42711721754424     17   3.35348207404575     19  14w
     30   1.49731654709241    -21   1.40830171174616    -19  -3.62347132386845     18   3.63826939111678     20  14w
     31   1.33205261692777    -22   1.28567991080331    -20  -3.97024593448090     19   4.08851446395289     21  14w
     32   1.14549701962235    -23   1.13406600689864    -21  -4.50249527111436     20   4.75291939089316     22  14w
     33   9.53328215881260    -25   9.67664275770283    -23  -5.27858523577153     21   5.70913918211291     23  14w
 xcm:   0.106066017177982141461711762531E+01   0.758252021445694435186624104972E+01    7
      7   3.64825485443333     -4   2.03188263312614     -2  -2.60387661933017      1   1.44173320135132      3   9w
      8   1.55637654701643     -4   8.87200841403375     -3  -5.93804456354875      1   3.39400109044817      3  10w
      9   5.96242285621181     -5   3.47842029381179     -3  -1.50893400224376      2   8.89214888375830      3  12w
     10   2.04690014637261     -5   1.22226415976500     -3  -4.28017851875557      2   2.59859917376256      4  11w
     11   6.30640512533891     -6   3.85553216206172     -4  -1.35292001018771      3   8.45863072857921      4  11w
     12   1.75091493933823     -6   1.09638672801446     -4  -4.74522092811344      3   3.05439428422943      5  13w
     13   4.40543438433280     -7   2.82655885021297     -5  -1.83631332619045      4   1.21670956333420      6  13w
     14   1.01077877976809     -7   6.64758803432990     -6  -7.79177845431391      4   5.31365380394556      6  13w
     15   2.12800708865024     -8   1.43505896697835     -6  -3.60271854756804      5   2.52840711925991      7  13w
     16   4.13530165532498     -9   2.86033961151530     -7  -1.80458939961162      6   1.30313184790207      8  13w
     17   7.45804393853526    -10   5.29231716985061     -8  -9.73948203316452      6   7.23532748731584      8  14w
     18   1.25450929193182    -10   9.13425300487794     -9  -5.63608510150584      7   4.30641617187939      9  13w
     19   1.97691654971147    -11   1.47708353857804     -9  -3.48169620119628      8   2.73548505911317     10  14w
     20   2.93025545934172    -12   2.24673786666254    -10  -2.28696139069433      9   1.84706731170594     11  14w
     21   4.10001315949693    -13   3.22589700978909    -11  -1.59162084913069     10   1.32101451418314     12  14w
     22   5.43288443735803    -14   4.38611597131218    -12  -1.16989349229276     11   9.97498356751711     12  14w
     23   6.83763197176836    -15   5.66351814781024    -13  -9.05582599449731     11   7.92935093030339     13  14w
     24   8.19510095266349    -16   6.96298227790831    -14  -7.36297194589898     12   6.61829249461558     14  14w
     25   9.37590361105333    -17   8.17013609012174    -15  -6.27327416241796     13   5.78635584500921     15  14w
     26   1.02618505587266    -17   9.16894283722532    -16  -5.58876413024032     14   5.28781423469542     16  14w
     27   1.07659717575955    -18   9.86088669543167    -17  -5.19592220069716     15   5.04082858679435     17  14w
     28   1.08463724395311    -19   1.01812105926349    -17  -5.03211926645199     16   5.00376993536134     18  14w
     29   1.05110000462451    -20   1.01085078378484    -18  -5.06826931205487     17   5.16346475079850     19  14w
     30   9.81294412056536    -22   9.66586490974246    -20  -5.30058600285292     18   5.53055937003396     20  14w
     31   8.83826689754930    -23   8.91400285263614    -21  -5.74815338970969     19   6.13997780508820     21  14w
     32   7.68986571371807    -24   7.93873421036408    -22  -6.45509252261746     20   7.05611209341348     22  14w
     33   6.47120168956812    -25   6.83603924018945    -23  -7.49748578888571     21   8.38371508827067     23  14w
     34   5.27302401908208    -26   5.69803636837057    -24  -8.99649396403698     22   1.02869754259519     25  14w
 xcm:   0.106066017177982141461711762531E+01   0.758252021445694435186624104972E+01    8
      8   5.97352251756728     -5   3.85839999383245     -3  -1.36688066197740      2   8.83332987388831      3   9w
      9   2.31627373779092     -5   1.52483918508663     -3  -3.44925607489000      2   2.28428139588202      4  10w
     10   8.10297471600502     -6   5.43741130489702     -4  -9.64887930754587      2   6.54585442170775      4  11w
     11   2.55673981528075     -6   1.74929132058644     -4  -2.99238329658200      3   2.07922279365467      5  11w
     12   7.29347835542744     -7   5.08968151679372     -5  -1.02631083550553      4   7.30376684543081      5  11w
     13   1.88876820191059     -7   1.34488950015907     -5  -3.87655760918598      4   2.82567241402020      6  12w
     14   4.46303512366983     -8   3.24389028513072     -6  -1.60434946460596      5   1.19789516318548      7  12w
     15   9.67512001679895     -9   7.18106786422971     -7  -7.23559790343665      5   5.53445317720041      7  12w
     16   1.93466446203605     -9   1.46686315881267     -7  -3.53700603637682      6   2.77168371463495      8  12w
     17   3.58684439136162    -10   2.77896585566255     -8  -1.86451294996780      7   1.49690463781897      9  13w
     18   6.19514663070815    -11   4.90594894264491     -9  -1.05489091875205      8   8.67669671588568      9  13w
     19   1.00120512072544    -11   8.10563375257805    -10  -6.37795663372187      8   5.37436701261549     10  14w
     20   1.52004030704793    -12   1.25829089290138    -10  -4.10467201356031      9   3.54313658130244     11  13w
     21   2.17577672412335    -13   1.84183415927977    -11  -2.80188180948787     10   2.47726714934789     12  13w
     22   2.94591222467036    -14   2.55031821372840    -12  -2.02205676148746     11   1.83090779038918     13  13w
     23   3.78405904955881    -15   3.35027446466891    -13  -1.53828897368252     12   1.42621758579187     14  13w
     24   4.62377438082926    -16   4.18658205274725    -14  -1.23035147809133     13   1.16779366130091     15  14w
     25   5.38764334810736    -17   4.98861031476223    -15  -1.03208705979988     14   1.00264648728343     16  14w
     26   5.99976299031269    -18   5.68062631494810    -16  -9.06025170319296     14   9.00667478727072     16  14w
     27   6.39866303675414    -19   6.19418655071719    -17  -8.30659832461373     15   8.44757699610764     17  14w
     28   6.54753197283845    -20   6.47957489478993    -18  -7.93888579864149     16   8.25734237121117     18  14w
     29   6.43942704709337    -21   6.51360891371444    -19  -7.89601286493093     17   8.39737419562053     19  14w
     30   6.09660001717203    -22   6.30219022789198    -20  -8.15988142774051     18   8.87063168859213     20  14w
     31   5.56463388213173    -23   5.87742066457168    -21  -8.74892022381383     19   9.71936967087747     21  14w
     32   4.90325781526485    -24   5.29044980957168    -22  -9.71924240088810     20   1.10307587788508     23  14w
     33   4.17619666040652    -25   4.60206832119634    -23  -1.11730481237585     22   1.29511830682908     24  14w
     34   3.44220109848880    -26   3.87324769671326    -24  -1.32758801006778     23   1.57123435645911     25  14w
     35   2.74870064412950    -27   3.15742404941494    -25  -1.62866607301244     24   1.96754507047571     26  14w
