    0.75825202144569E+01    0
      0
    0.00000000000000   1.22880802842819      0   0.00000000000000      0  13
    0.00000000000000   1.22880802842819      0   0.00000000000000      0  13
      1
    0.00000000000000   0.00000000000000      0   4.50116821573144      0  15
    0.00000000000000   0.00000000000000      0   4.50116821573144      0  15
      2
    0.00000000000000  -8.04164475205784     -1   0.00000000000000      0  13
    0.00000000000000  -8.04164475205784     -1   0.00000000000000      0  13
      3
    0.00000000000000   0.00000000000000      0  -4.69118377651654      0  15
    0.00000000000000   0.00000000000000      0  -4.69118377651654      0  15
      4
    0.00000000000000   6.17931190512748     -1   0.00000000000000      0  13
    0.00000000000000   6.17931190512748     -1   0.00000000000000      0  13
      5
    0.00000000000000   0.00000000000000      0   4.93484473404494      0  15
    0.00000000000000   0.00000000000000      0   4.93484473404494      0  15
      6
    0.00000000000000  -6.60326459192413     -1   0.00000000000000      0  13
    0.00000000000000  -6.60326459192413     -1   0.00000000000000      0  13
      7
    0.00000000000000   0.00000000000000      0  -6.53397811743443      0  15
    0.00000000000000   0.00000000000000      0  -6.53397811743443      0  15
      8
    0.00000000000000   7.20828418602668     -1   0.00000000000000      0  13
    0.00000000000000   7.20828418602668     -1   0.00000000000000      0  13
      9
    0.00000000000000   0.00000000000000      0   8.09080779654242      0  15
    0.00000000000000   0.00000000000000      0   8.09080779654242      0  15
     10
    0.00000000000000  -7.47291015119391     -1   0.00000000000000      0  13
    0.00000000000000  -7.47291015119391     -1   0.00000000000000      0  13
     11
    0.00000000000000   0.00000000000000      0  -9.62496066405235      0  15
    0.00000000000000   0.00000000000000      0  -9.62496066405235      0  15
     12
    0.00000000000000   7.61929684444256     -1   0.00000000000000      0  13
    0.00000000000000   7.61929684444256     -1   0.00000000000000      0  13
     13
    0.00000000000000   0.00000000000000      0   1.11670888793855      1  15
    0.00000000000000   0.00000000000000      0   1.11670888793855      1  15
     14
    0.00000000000000  -7.71001174625066     -1   0.00000000000000      0  13
    0.00000000000000  -7.71001174625066     -1   0.00000000000000      0  13
     15
    0.00000000000000   0.00000000000000      0  -1.27188307190895      1  15
    0.00000000000000   0.00000000000000      0  -1.27188307190895      1  15
     16
    0.00000000000000   7.76986679133705     -1   0.00000000000000      0  13
    0.00000000000000   7.76986679133705     -1   0.00000000000000      0  13
     17
    0.00000000000000   0.00000000000000      0   1.42785790373263      1  15
    0.00000000000000   0.00000000000000      0   1.42785790373263      1  15
     18
    0.00000000000000  -7.80496327023829     -1   0.00000000000000      0  13
    0.00000000000000  -7.80496327023829     -1   0.00000000000000      0  13
     19
    0.00000000000000   0.00000000000000      0  -1.58446086551188      1  15
    0.00000000000000   0.00000000000000      0  -1.58446086551188      1  15
     20
    0.00000000000000   7.73172907767285     -1   0.00000000000000      0  12
    0.00000000000000   7.73172907767285     -1   0.00000000000000      0  12
     21
    0.00000000000000   0.00000000000000      0   1.74155296188168      1  15
    0.00000000000000   0.00000000000000      0   1.74155296188168      1  15
     22
    0.00000000000000  -6.56703757638159     -1   0.00000000000000      0  12
    0.00000000000000  -6.56703757638159     -1   0.00000000000000      0  12
     23
    0.00000000000000   0.00000000000000      0  -1.89902869084240      1  15
    0.00000000000000   0.00000000000000      0  -1.89902869084240      1  15
     24
    0.00000000000000   6.69107842364791     -1   0.00000000000000      0  12
    0.00000000000000   6.69107842364791     -1   0.00000000000000      0  12
     25
    0.00000000000000   0.00000000000000      0   2.05680881439844      1  15
    0.00000000000000   0.00000000000000      0   2.05680881439844      1  15
     26
    0.00000000000000  -6.79536542601562     -1   0.00000000000000      0  12
    0.00000000000000  -6.79536542601562     -1   0.00000000000000      0  12
     27
    0.00000000000000   0.00000000000000      0  -2.21483352071181      1  15
    0.00000000000000   0.00000000000000      0  -2.21483352071181      1  15
    0.75825202144569E+01    1
      1
    0.00000000000000   1.23293405171655      0   0.00000000000000      0  13
    0.00000000000000   1.23293405171655      0   0.00000000000000      0  13
      2
    0.00000000000000   0.00000000000000      0   4.56924606558318      0  15
    0.00000000000000   0.00000000000000      0   4.56924606558318      0  15
      3
    0.00000000000000  -8.23159342521981     -1   0.00000000000000      0  13
    0.00000000000000  -8.23159342521981     -1   0.00000000000000      0  13
      4
    0.00000000000000   0.00000000000000      0  -5.13109919756136      0  15
    0.00000000000000   0.00000000000000      0  -5.13109919756136      0  15
      5
    0.00000000000000   7.04202172700329     -1   0.00000000000000      0  13
    0.00000000000000   7.04202172700329     -1   0.00000000000000      0  13
      6
    0.00000000000000   0.00000000000000      0   5.94338620457972      0  15
    0.00000000000000   0.00000000000000      0   5.94338620457972      0  15
      7
    0.00000000000000  -7.13703704583681     -1   0.00000000000000      0  13
    0.00000000000000  -7.13703704583681     -1   0.00000000000000      0  13
      8
    0.00000000000000   0.00000000000000      0  -7.34275812064902      0  15
    0.00000000000000   0.00000000000000      0  -7.34275812064902      0  15
      9
    0.00000000000000   7.40975762490338     -1   0.00000000000000      0  13
    0.00000000000000   7.40975762490338     -1   0.00000000000000      0  13
     10
    0.00000000000000   0.00000000000000      0   8.85378002961855      0  15
    0.00000000000000   0.00000000000000      0   8.85378002961855      0  15
     11
    0.00000000000000  -7.57962235179091     -1   0.00000000000000      0  13
    0.00000000000000  -7.57962235179091     -1   0.00000000000000      0  13
     12
    0.00000000000000   0.00000000000000      0  -1.03863256780034      1  15
    0.00000000000000   0.00000000000000      0  -1.03863256780034      1  15
     13
    0.00000000000000   7.68469014375270     -1   0.00000000000000      0  13
    0.00000000000000   7.68469014375270     -1   0.00000000000000      0  13
     14
    0.00000000000000   0.00000000000000      0   1.19324156589616      1  15
    0.00000000000000   0.00000000000000      0   1.19324156589616      1  15
     15
    0.00000000000000  -7.75351021427485     -1   0.00000000000000      0  13
    0.00000000000000  -7.75351021427485     -1   0.00000000000000      0  13
     16
    0.00000000000000   0.00000000000000      0  -1.34884801224777      1  15
    0.00000000000000   0.00000000000000      0  -1.34884801224777      1  15
     17
    0.00000000000000   7.80056091946805     -1   0.00000000000000      0  13
    0.00000000000000   7.80056091946805     -1   0.00000000000000      0  13
     18
    0.00000000000000   0.00000000000000      0   1.50519898211580      1  15
    0.00000000000000   0.00000000000000      0   1.50519898211580      1  15
     19
    0.00000000000000  -7.82847492900802     -1   0.00000000000000      0  13
    0.00000000000000  -7.82847492900802     -1   0.00000000000000      0  13
     20
    0.00000000000000   0.00000000000000      0  -1.66211315951544      1  15
    0.00000000000000   0.00000000000000      0  -1.66211315951544      1  15
     21
    0.00000000000000   7.75875593582595     -1   0.00000000000000      0  12
    0.00000000000000   7.75875593582595     -1   0.00000000000000      0  12
     22
    0.00000000000000   0.00000000000000      0   1.81946025576879      1  15
    0.00000000000000   0.00000000000000      0   1.81946025576879      1  15
     23
    0.00000000000000  -6.63762020744458     -1   0.00000000000000      0  12
    0.00000000000000  -6.63762020744458     -1   0.00000000000000      0  12
     24
    0.00000000000000   0.00000000000000      0  -1.97714562429798      1  15
    0.00000000000000   0.00000000000000      0  -1.97714562429798      1  15
     25
    0.00000000000000   6.75010489145496     -1   0.00000000000000      0  12
    0.00000000000000   6.75010489145496     -1   0.00000000000000      0  12
     26
    0.00000000000000   0.00000000000000      0   2.13509947457189      1  15
    0.00000000000000   0.00000000000000      0   2.13509947457189      1  15
     27
    0.00000000000000  -6.84543335085077     -1   0.00000000000000      0  12
    0.00000000000000  -6.84543335085077     -1   0.00000000000000      0  12
     28
    0.00000000000000   0.00000000000000      0  -2.29326951106253      1  15
    0.00000000000000   0.00000000000000      0  -2.29326951106253      1  15
    0.75825202144569E+01    2
      2
    0.00000000000000   1.24439368554012      0   0.00000000000000      0  13
    0.00000000000000   1.24439368554012      0   0.00000000000000      0  13
      3
    0.00000000000000   0.00000000000000      0   4.74377175008477      0  15
    0.00000000000000   0.00000000000000      0   4.74377175008477      0  15
      4
    0.00000000000000  -8.53212028354404     -1   0.00000000000000      0  13
    0.00000000000000  -8.53212028354404     -1   0.00000000000000      0  13
      5
    0.00000000000000   0.00000000000000      0  -5.64012894880751      0  15
    0.00000000000000   0.00000000000000      0  -5.64012894880751      0  15
      6
    0.00000000000000   7.56909147578831     -1   0.00000000000000      0  13
    0.00000000000000   7.56909147578831     -1   0.00000000000000      0  13
      7
    0.00000000000000   0.00000000000000      0   6.70607667479900      0  15
    0.00000000000000   0.00000000000000      0   6.70607667479900      0  15
      8
    0.00000000000000  -7.49633358485178     -1   0.00000000000000      0  13
    0.00000000000000  -7.49633358485178     -1   0.00000000000000      0  13
      9
    0.00000000000000   0.00000000000000      0  -8.09638609296199      0  15
    0.00000000000000   0.00000000000000      0  -8.09638609296199      0  15
     10
    0.00000000000000   7.60238363323666     -1   0.00000000000000      0  13
    0.00000000000000   7.60238363323666     -1   0.00000000000000      0  13
     11
    0.00000000000000   0.00000000000000      0   9.59563884507255      0  15
    0.00000000000000   0.00000000000000      0   9.59563884507255      0  15
     12
    0.00000000000000  -7.69462606151908     -1   0.00000000000000      0  13
    0.00000000000000  -7.69462606151908     -1   0.00000000000000      0  13
     13
    0.00000000000000   0.00000000000000      0  -1.11297661986275      1  15
    0.00000000000000   0.00000000000000      0  -1.11297661986275      1  15
     14
    0.00000000000000   7.76017778669392     -1   0.00000000000000      0  13
    0.00000000000000   7.76017778669392     -1   0.00000000000000      0  13
     15
    0.00000000000000   0.00000000000000      0   1.26806610454452      1  15
    0.00000000000000   0.00000000000000      0   1.26806610454452      1  15
     16
    0.00000000000000  -7.80644184173677     -1   0.00000000000000      0  13
    0.00000000000000  -7.80644184173677     -1   0.00000000000000      0  13
     17
    0.00000000000000   0.00000000000000      0  -1.42417689432371      1  15
    0.00000000000000   0.00000000000000      0  -1.42417689432371      1  15
     18
    0.00000000000000   7.83957233471807     -1   0.00000000000000      0  13
    0.00000000000000   7.83957233471807     -1   0.00000000000000      0  13
     19
    0.00000000000000   0.00000000000000      0   1.58098182111169      1  15
    0.00000000000000   0.00000000000000      0   1.58098182111169      1  15
     20
    0.00000000000000  -7.85911282371597     -1   0.00000000000000      0  13
    0.00000000000000  -7.85911282371597     -1   0.00000000000000      0  13
     21
    0.00000000000000   0.00000000000000      0  -1.73828738921753      1  15
    0.00000000000000   0.00000000000000      0  -1.73828738921753      1  15
     22
    0.00000000000000   7.79137633978745     -1   0.00000000000000      0  12
    0.00000000000000   7.79137633978745     -1   0.00000000000000      0  12
     23
    0.00000000000000   0.00000000000000      0   1.89596813643117      1  15
    0.00000000000000   0.00000000000000      0   1.89596813643117      1  15
     24
    0.00000000000000  -6.71192632849420     -1   0.00000000000000      0  12
    0.00000000000000  -6.71192632849420     -1   0.00000000000000      0  12
     25
    0.00000000000000   0.00000000000000      0  -2.05393799580624      1  15
    0.00000000000000   0.00000000000000      0  -2.05393799580624      1  15
     26
    0.00000000000000   6.81258394693966     -1   0.00000000000000      0  12
    0.00000000000000   6.81258394693966     -1   0.00000000000000      0  12
     27
    0.00000000000000   0.00000000000000      0   2.21213558073981      1  15
    0.00000000000000   0.00000000000000      0   2.21213558073981      1  15
     28
    0.00000000000000  -6.89867816654606     -1   0.00000000000000      0  12
    0.00000000000000  -6.89867816654606     -1   0.00000000000000      0  12
     29
    0.00000000000000   0.00000000000000      0  -2.37051580073955      1  15
    0.00000000000000   0.00000000000000      0  -2.37051580073955      1  15
    0.75825202144569E+01    3
      3
    0.00000000000000   1.26131778758421      0   0.00000000000000      0  13
    0.00000000000000   1.26131778758421      0   0.00000000000000      0  13
      4
    0.00000000000000   0.00000000000000      0   4.98864567230994      0  15
    0.00000000000000   0.00000000000000      0   4.98864567230994      0  15
      5
    0.00000000000000  -8.83915651022943     -1   0.00000000000000      0  13
    0.00000000000000  -8.83915651022943     -1   0.00000000000000      0  13
      6
    0.00000000000000   0.00000000000000      0  -6.15258183544968      0  15
    0.00000000000000   0.00000000000000      0  -6.15258183544968      0  15
      7
    0.00000000000000   7.94703780400438     -1   0.00000000000000      0  13
    0.00000000000000   7.94703780400438     -1   0.00000000000000      0  13
      8
    0.00000000000000   0.00000000000000      0   7.38274185551539      0  15
    0.00000000000000   0.00000000000000      0   7.38274185551539      0  15
      9
    0.00000000000000  -7.76967613503488     -1   0.00000000000000      0  13
    0.00000000000000  -7.76967613503488     -1   0.00000000000000      0  13
     10
    0.00000000000000   0.00000000000000      0  -8.80499319078646      0  15
    0.00000000000000   0.00000000000000      0  -8.80499319078646      0  15
     11
    0.00000000000000   7.77431827739214     -1   0.00000000000000      0  13
    0.00000000000000   7.77431827739214     -1   0.00000000000000      0  13
     12
    0.00000000000000   0.00000000000000      0   1.03124984719894      1  15
    0.00000000000000   0.00000000000000      0   1.03124984719894      1  15
     13
    0.00000000000000  -7.80759910221161     -1   0.00000000000000      0  13
    0.00000000000000  -7.80759910221161     -1   0.00000000000000      0  13
     14
    0.00000000000000   0.00000000000000      0  -1.18540556396523      1  15
    0.00000000000000   0.00000000000000      0  -1.18540556396523      1  15
     15
    0.00000000000000   7.83900256282949     -1   0.00000000000000      0  13
    0.00000000000000   7.83900256282949     -1   0.00000000000000      0  13
     16
    0.00000000000000   0.00000000000000      0   1.34120899250149      1  15
    0.00000000000000   0.00000000000000      0   1.34120899250149      1  15
     17
    0.00000000000000  -7.86422084509365     -1   0.00000000000000      0  13
    0.00000000000000  -7.86422084509365     -1   0.00000000000000      0  13
     18
    0.00000000000000   0.00000000000000      0  -1.49795929078053      1  15
    0.00000000000000   0.00000000000000      0  -1.49795929078053      1  15
     19
    0.00000000000000   7.88364501860802     -1   0.00000000000000      0  13
    0.00000000000000   7.88364501860802     -1   0.00000000000000      0  13
     20
    0.00000000000000   0.00000000000000      0   1.65531903827419      1  15
    0.00000000000000   0.00000000000000      0   1.65531903827419      1  15
     21
    0.00000000000000  -7.89447704994716     -1   0.00000000000000      0  13
    0.00000000000000  -7.89447704994716     -1   0.00000000000000      0  13
     22
    0.00000000000000   0.00000000000000      0  -1.81310112835322      1  15
    0.00000000000000   0.00000000000000      0  -1.81310112835322      1  15
     23
    0.00000000000000   7.82770202415445     -1   0.00000000000000      0  12
    0.00000000000000   7.82770202415445     -1   0.00000000000000      0  12
     24
    0.00000000000000   0.00000000000000      0   1.97119106425263      1  15
    0.00000000000000   0.00000000000000      0   1.97119106425263      1  15
     25
    0.00000000000000  -6.78806266874768     -1   0.00000000000000      0  12
    0.00000000000000  -6.78806266874768     -1   0.00000000000000      0  12
     26
    0.00000000000000   0.00000000000000      0  -2.12951374582185      1  15
    0.00000000000000   0.00000000000000      0  -2.12951374582185      1  15
     27
    0.00000000000000   6.87703689769139     -1   0.00000000000000      0  12
    0.00000000000000   6.87703689769139     -1   0.00000000000000      0  12
     28
    0.00000000000000   0.00000000000000      0   2.28801735780679      1  15
    0.00000000000000   0.00000000000000      0   2.28801735780679      1  15
     29
    0.00000000000000  -6.95392275189759     -1   0.00000000000000      0  12
    0.00000000000000  -6.95392275189759     -1   0.00000000000000      0  12
     30
    0.00000000000000   0.00000000000000      0  -2.44666475392956      1  15
    0.00000000000000   0.00000000000000      0  -2.44666475392956      1  15
    0.75825202144569E+01    4
      4
    0.00000000000000   1.28185102738961      0   0.00000000000000      0  13
    0.00000000000000   1.28185102738961      0   0.00000000000000      0  13
      5
    0.00000000000000   0.00000000000000      0   5.27841439265478      0  15
    0.00000000000000   0.00000000000000      0   5.27841439265478      0  15
      6
    0.00000000000000  -9.12537876822717     -1   0.00000000000000      0  13
    0.00000000000000  -9.12537876822717     -1   0.00000000000000      0  13
      7
    0.00000000000000   0.00000000000000      0  -6.65953329328465      0  15
    0.00000000000000   0.00000000000000      0  -6.65953329328465      0  15
      8
    0.00000000000000   8.24411324467727     -1   0.00000000000000      0  13
    0.00000000000000   8.24411324467727     -1   0.00000000000000      0  13
      9
    0.00000000000000   0.00000000000000      0   8.01518676440452      0  15
    0.00000000000000   0.00000000000000      0   8.01518676440452      0  15
     10
    0.00000000000000  -7.99303444086545     -1   0.00000000000000      0  13
    0.00000000000000  -7.99303444086545     -1   0.00000000000000      0  13
     11
    0.00000000000000   0.00000000000000      0  -9.48078292372609      0  15
    0.00000000000000   0.00000000000000      0  -9.48078292372609      0  15
     12
    0.00000000000000   7.92812572629501     -1   0.00000000000000      0  13
    0.00000000000000   7.92812572629501     -1   0.00000000000000      0  13
     13
    0.00000000000000   0.00000000000000      0   1.10066655006359      1  15
    0.00000000000000   0.00000000000000      0   1.10066655006359      1  15
     14
    0.00000000000000  -7.91574902438441     -1   0.00000000000000      0  13
    0.00000000000000  -7.91574902438441     -1   0.00000000000000      0  13
     15
    0.00000000000000   0.00000000000000      0  -1.25602502070617      1  15
    0.00000000000000   0.00000000000000      0  -1.25602502070617      1  15
     16
    0.00000000000000   7.91815910446120     -1   0.00000000000000      0  13
    0.00000000000000   7.91815910446120     -1   0.00000000000000      0  13
     17
    0.00000000000000   0.00000000000000      0   1.41277277286327      1  15
    0.00000000000000   0.00000000000000      0   1.41277277286327      1  15
     18
    0.00000000000000  -7.92434557079963     -1   0.00000000000000      0  13
    0.00000000000000  -7.92434557079963     -1   0.00000000000000      0  13
     19
    0.00000000000000   0.00000000000000      0  -1.57030334458792      1  15
    0.00000000000000   0.00000000000000      0  -1.57030334458792      1  15
     20
    0.00000000000000   7.93078787041759     -1   0.00000000000000      0  13
    0.00000000000000   7.93078787041759     -1   0.00000000000000      0  13
     21
    0.00000000000000   0.00000000000000      0   1.72831957092405      1  15
    0.00000000000000   0.00000000000000      0   1.72831957092405      1  15
     22
    0.00000000000000  -7.93299415909719     -1   0.00000000000000      0  13
    0.00000000000000  -7.93299415909719     -1   0.00000000000000      0  13
     23
    0.00000000000000   0.00000000000000      0  -1.88665995208226      1  15
    0.00000000000000   0.00000000000000      0  -1.88665995208226      1  15
     24
    0.00000000000000   7.86646267747201     -1   0.00000000000000      0  12
    0.00000000000000   7.86646267747201     -1   0.00000000000000      0  12
     25
    0.00000000000000   0.00000000000000      0   2.04522896003667      1  15
    0.00000000000000   0.00000000000000      0   2.04522896003667      1  15
     26
    0.00000000000000  -6.86475425238659     -1   0.00000000000000      0  12
    0.00000000000000  -6.86475425238659     -1   0.00000000000000      0  12
     27
    0.00000000000000   0.00000000000000      0  -2.20396616779047      1  15
    0.00000000000000   0.00000000000000      0  -2.20396616779047      1  15
     28
    0.00000000000000   6.94242609020291     -1   0.00000000000000      0  12
    0.00000000000000   6.94242609020291     -1   0.00000000000000      0  12
     29
    0.00000000000000   0.00000000000000      0   2.36283126692374      1  15
    0.00000000000000   0.00000000000000      0   2.36283126692374      1  15
     30
    0.00000000000000  -7.01031318636338     -1   0.00000000000000      0  12
    0.00000000000000  -7.01031318636338     -1   0.00000000000000      0  12
     31
    0.00000000000000   0.00000000000000      0  -2.52179620323156      1  15
    0.00000000000000   0.00000000000000      0  -2.52179620323156      1  15
    0.75825202144569E+01    5
      5
    0.00000000000000   1.30453770075328      0   0.00000000000000      0  13
    0.00000000000000   1.30453770075328      0   0.00000000000000      0  13
      6
    0.00000000000000   0.00000000000000      0   5.59688640764541      0  15
    0.00000000000000   0.00000000000000      0   5.59688640764541      0  15
      7
    0.00000000000000  -9.38679904335108     -1   0.00000000000000      0  13
    0.00000000000000  -9.38679904335108     -1   0.00000000000000      0  13
      8
    0.00000000000000   0.00000000000000      0  -7.15999033736302      0  15
    0.00000000000000   0.00000000000000      0  -7.15999033736302      0  15
      9
    0.00000000000000   8.49150782031163     -1   0.00000000000000      0  13
    0.00000000000000   8.49150782031163     -1   0.00000000000000      0  13
     10
    0.00000000000000   0.00000000000000      0   8.61985122950949      0  15
    0.00000000000000   0.00000000000000      0   8.61985122950949      0  15
     11
    0.00000000000000  -8.18411087689321     -1   0.00000000000000      0  13
    0.00000000000000  -8.18411087689321     -1   0.00000000000000      0  13
     12
    0.00000000000000   0.00000000000000      0  -1.01317454750429      1  15
    0.00000000000000   0.00000000000000      0  -1.01317454750429      1  15
     13
    0.00000000000000   8.06750500270507     -1   0.00000000000000      0  13
    0.00000000000000   8.06750500270507     -1   0.00000000000000      0  13
     14
    0.00000000000000   0.00000000000000      0   1.16811940392240      1  15
    0.00000000000000   0.00000000000000      0   1.16811940392240      1  15
     15
    0.00000000000000  -8.01863480120785     -1   0.00000000000000      0  13
    0.00000000000000  -8.01863480120785     -1   0.00000000000000      0  13
     16
    0.00000000000000   0.00000000000000      0  -1.32499967836097      1  15
    0.00000000000000   0.00000000000000      0  -1.32499967836097      1  15
     17
    0.00000000000000   7.99629672831375     -1   0.00000000000000      0  13
    0.00000000000000   7.99629672831375     -1   0.00000000000000      0  13
     18
    0.00000000000000   0.00000000000000      0   1.48288231565089      1  15
    0.00000000000000   0.00000000000000      0   1.48288231565089      1  15
     19
    0.00000000000000  -7.98540850467211     -1   0.00000000000000      0  13
    0.00000000000000  -7.98540850467211     -1   0.00000000000000      0  13
     20
    0.00000000000000   0.00000000000000      0  -1.64131935421240      1  15
    0.00000000000000   0.00000000000000      0  -1.64131935421240      1  15
     21
    0.00000000000000   7.97974823398568     -1   0.00000000000000      0  13
    0.00000000000000   7.97974823398568     -1   0.00000000000000      0  13
     22
    0.00000000000000   0.00000000000000      0   1.80008522865278      1  15
    0.00000000000000   0.00000000000000      0   1.80008522865278      1  15
     23
    0.00000000000000  -7.97360791331234     -1   0.00000000000000      0  13
    0.00000000000000  -7.97360791331234     -1   0.00000000000000      0  13
     24
    0.00000000000000   0.00000000000000      0  -1.95905857421290      1  15
    0.00000000000000   0.00000000000000      0  -1.95905857421290      1  15
     25
    0.00000000000000   7.90679114057121     -1   0.00000000000000      0  12
    0.00000000000000   7.90679114057121     -1   0.00000000000000      0  12
     26
    0.00000000000000   0.00000000000000      0   2.11816982511455      1  15
    0.00000000000000   0.00000000000000      0   2.11816982511455      1  15
     27
    0.00000000000000  -6.94114479341592     -1   0.00000000000000      0  12
    0.00000000000000  -6.94114479341592     -1   0.00000000000000      0  12
     28
    0.00000000000000   0.00000000000000      0  -2.27737682418775      1  15
    0.00000000000000   0.00000000000000      0  -2.27737682418775      1  15
     29
    0.00000000000000   7.00802285102136     -1   0.00000000000000      0  12
    0.00000000000000   7.00802285102136     -1   0.00000000000000      0  12
     30
    0.00000000000000   0.00000000000000      0   2.43665277173792      1  15
    0.00000000000000   0.00000000000000      0   2.43665277173792      1  15
     31
    0.00000000000000  -7.06722845948499     -1   0.00000000000000      0  12
    0.00000000000000  -7.06722845948499     -1   0.00000000000000      0  12
     32
    0.00000000000000   0.00000000000000      0  -2.59597991851844      1  15
    0.00000000000000   0.00000000000000      0  -2.59597991851844      1  15
    0.75825202144569E+01    6
      6
    0.00000000000000   1.32835063220089      0   0.00000000000000      0  13
    0.00000000000000   1.32835063220089      0   0.00000000000000      0  13
      7
    0.00000000000000   0.00000000000000      0   5.93381152052580      0  15
    0.00000000000000   0.00000000000000      0   5.93381152052580      0  15
      8
    0.00000000000000  -9.62569809381821     -1   0.00000000000000      0  13
    0.00000000000000  -9.62569809381821     -1   0.00000000000000      0  13
      9
    0.00000000000000   0.00000000000000      0  -7.65417480275263      0  15
    0.00000000000000   0.00000000000000      0  -7.65417480275263      0  15
     10
    0.00000000000000   8.70569301619494     -1   0.00000000000000      0  13
    0.00000000000000   8.70569301619494     -1   0.00000000000000      0  13
     11
    0.00000000000000   0.00000000000000      0   9.20477344482947      0  15
    0.00000000000000   0.00000000000000      0   9.20477344482947      0  15
     12
    0.00000000000000  -8.35277976403090     -1   0.00000000000000      0  13
    0.00000000000000  -8.35277976403090     -1   0.00000000000000      0  13
     13
    0.00000000000000   0.00000000000000      0  -1.07630816812172      1  15
    0.00000000000000   0.00000000000000      0  -1.07630816812172      1  15
     14
    0.00000000000000   8.19547910222805     -1   0.00000000000000      0  13
    0.00000000000000   8.19547910222805     -1   0.00000000000000      0  13
     15
    0.00000000000000   0.00000000000000      0   1.23387909472363      1  15
    0.00000000000000   0.00000000000000      0   1.23387909472363      1  15
     16
    0.00000000000000  -8.11654479832897     -1   0.00000000000000      0  13
    0.00000000000000  -8.11654479832897     -1   0.00000000000000      0  13
     17
    0.00000000000000   0.00000000000000      0  -1.39249581852443      1  15
    0.00000000000000   0.00000000000000      0  -1.39249581852443      1  15
     18
    0.00000000000000   8.07282589596255     -1   0.00000000000000      0  13
    0.00000000000000   8.07282589596255     -1   0.00000000000000      0  13
     19
    0.00000000000000   0.00000000000000      0   1.55166191787178      1  15
    0.00000000000000   0.00000000000000      0   1.55166191787178      1  15
     20
    0.00000000000000  -8.04659882248831     -1   0.00000000000000      0  13
    0.00000000000000  -8.04659882248831     -1   0.00000000000000      0  13
     21
    0.00000000000000   0.00000000000000      0  -1.71111200744062      1  15
    0.00000000000000   0.00000000000000      0  -1.71111200744062      1  15
     22
    0.00000000000000   8.02971851951924     -1   0.00000000000000      0  13
    0.00000000000000   8.02971851951924     -1   0.00000000000000      0  13
     23
    0.00000000000000   0.00000000000000      0   1.87070918595718      1  15
    0.00000000000000   0.00000000000000      0   1.87070918595718      1  15
     24
    0.00000000000000  -8.01559433965856     -1   0.00000000000000      0  13
    0.00000000000000  -8.01559433965856     -1   0.00000000000000      0  13
     25
    0.00000000000000   0.00000000000000      0  -2.03038183262785      1  15
    0.00000000000000   0.00000000000000      0  -2.03038183262785      1  15
     26
    0.00000000000000   7.94808801724753     -1   0.00000000000000      0  12
    0.00000000000000   7.94808801724753     -1   0.00000000000000      0  12
     27
    0.00000000000000   0.00000000000000      0   2.19009161682854      1  15
    0.00000000000000   0.00000000000000      0   2.19009161682854      1  15
     28
    0.00000000000000  -7.01666445885316     -1   0.00000000000000      0  12
    0.00000000000000  -7.01666445885316     -1   0.00000000000000      0  12
     29
    0.00000000000000   0.00000000000000      0  -2.34981762852289      1  15
    0.00000000000000   0.00000000000000      0  -2.34981762852289      1  15
     30
    0.00000000000000   7.07331710941235     -1   0.00000000000000      0  12
    0.00000000000000   7.07331710941235     -1   0.00000000000000      0  12
     31
    0.00000000000000   0.00000000000000      0   2.50954834321212      1  15
    0.00000000000000   0.00000000000000      0   2.50954834321212      1  15
     32
    0.00000000000000  -7.12421696728578     -1   0.00000000000000      0  12
    0.00000000000000  -7.12421696728578     -1   0.00000000000000      0  12
     33
    0.00000000000000   0.00000000000000      0  -2.66927742791983      1  15
    0.00000000000000   0.00000000000000      0  -2.66927742791983      1  15
    0.75825202144569E+01    7
      7
    0.00000000000000   1.35260347205265      0   0.00000000000000      0  13
    0.00000000000000   1.35260347205265      0   0.00000000000000      0  13
      8
    0.00000000000000   0.00000000000000      0   6.28256765843888      0  15
    0.00000000000000   0.00000000000000      0   6.28256765843888      0  15
      9
    0.00000000000000  -9.84551168235366     -1   0.00000000000000      0  13
    0.00000000000000  -9.84551168235366     -1   0.00000000000000      0  13
     10
    0.00000000000000   0.00000000000000      0  -8.14242894542064      0  15
    0.00000000000000   0.00000000000000      0  -8.14242894542064      0  15
     11
    0.00000000000000   8.89626823827954     -1   0.00000000000000      0  13
    0.00000000000000   8.89626823827954     -1   0.00000000000000      0  13
     12
    0.00000000000000   0.00000000000000      0   9.77447698509538      0  15
    0.00000000000000   0.00000000000000      0   9.77447698509538      0  15
     13
    0.00000000000000  -8.50504069212702     -1   0.00000000000000      0  13
    0.00000000000000  -8.50504069212702     -1   0.00000000000000      0  13
     14
    0.00000000000000   0.00000000000000      0  -1.13783202676547      1  15
    0.00000000000000   0.00000000000000      0  -1.13783202676547      1  15
     15
    0.00000000000000   8.31431554601603     -1   0.00000000000000      0  13
    0.00000000000000   8.31431554601603     -1   0.00000000000000      0  13
     16
    0.00000000000000   0.00000000000000      0   1.29816718474900      1  15
    0.00000000000000   0.00000000000000      0   1.29816718474900      1  15
     17
    0.00000000000000  -8.20995850830908     -1   0.00000000000000      0  13
    0.00000000000000  -8.20995850830908     -1   0.00000000000000      0  13
     18
    0.00000000000000   0.00000000000000      0  -1.45866367281677      1  15
    0.00000000000000   0.00000000000000      0  -1.45866367281677      1  15
     19
    0.00000000000000   8.14751857791792     -1   0.00000000000000      0  13
    0.00000000000000   8.14751857791792     -1   0.00000000000000      0  13
     20
    0.00000000000000   0.00000000000000      0   1.61922648682851      1  15
    0.00000000000000   0.00000000000000      0   1.61922648682851      1  15
     21
    0.00000000000000  -8.10744257261630     -1   0.00000000000000      0  13
    0.00000000000000  -8.10744257261630     -1   0.00000000000000      0  13
     22
    0.00000000000000   0.00000000000000      0  -1.77977725588520      1  15
    0.00000000000000   0.00000000000000      0  -1.77977725588520      1  15
     23
    0.00000000000000   8.08016736047210     -1   0.00000000000000      0  13
    0.00000000000000   8.08016736047210     -1   0.00000000000000      0  13
     24
    0.00000000000000   0.00000000000000      0   1.94027569054375      1  15
    0.00000000000000   0.00000000000000      0   1.94027569054375      1  15
     25
    0.00000000000000  -8.05844810857021     -1   0.00000000000000      0  13
    0.00000000000000  -8.05844810857021     -1   0.00000000000000      0  13
     26
    0.00000000000000   0.00000000000000      0  -2.10070565953264      1  15
    0.00000000000000   0.00000000000000      0  -2.10070565953264      1  15
     27
    0.00000000000000   7.98993465037094     -1   0.00000000000000      0  12
    0.00000000000000   7.98993465037094     -1   0.00000000000000      0  12
     28
    0.00000000000000   0.00000000000000      0   2.26106370087986      1  15
    0.00000000000000   0.00000000000000      0   2.26106370087986      1  15
     29
    0.00000000000000  -7.09094097293311     -1   0.00000000000000      0  12
    0.00000000000000  -7.09094097293311     -1   0.00000000000000      0  12
     30
    0.00000000000000   0.00000000000000      0  -2.42135240918222      1  15
    0.00000000000000   0.00000000000000      0  -2.42135240918222      1  15
     31
    0.00000000000000   7.13795471212160     -1   0.00000000000000      0  12
    0.00000000000000   7.13795471212160     -1   0.00000000000000      0  12
     32
    0.00000000000000   0.00000000000000      0   2.58157696702400      1  15
    0.00000000000000   0.00000000000000      0   2.58157696702400      1  15
     33
    0.00000000000000  -7.18095129686135     -1   0.00000000000000      0  12
    0.00000000000000  -7.18095129686135     -1   0.00000000000000      0  12
     34
    0.00000000000000   0.00000000000000      0  -2.74174339984613      1  15
    0.00000000000000   0.00000000000000      0  -2.74174339984613      1  15
    0.75825202144569E+01    8
      8
    0.00000000000000   1.37685259762819      0   0.00000000000000      0  13
    0.00000000000000   1.37685259762819      0   0.00000000000000      0  13
      9
    0.00000000000000   0.00000000000000      0   6.63877056390600      0  15
    0.00000000000000   0.00000000000000      0   6.63877056390600      0  15
     10
    0.00000000000000  -1.00494066852691      0   0.00000000000000      0  13
    0.00000000000000  -1.00494066852691      0   0.00000000000000      0  13
     11
    0.00000000000000   0.00000000000000      0  -8.62505146701998      0  15
    0.00000000000000   0.00000000000000      0  -8.62505146701998      0  15
     12
    0.00000000000000   9.06923970828286     -1   0.00000000000000      0  13
    0.00000000000000   9.06923970828286     -1   0.00000000000000      0  13
     13
    0.00000000000000   0.00000000000000      0   1.03317759093256      1  15
    0.00000000000000   0.00000000000000      0   1.03317759093256      1  15
     14
    0.00000000000000  -8.64477414679035     -1   0.00000000000000      0  13
    0.00000000000000  -8.64477414679035     -1   0.00000000000000      0  13
     15
    0.00000000000000   0.00000000000000      0  -1.19799627888472      1  15
    0.00000000000000   0.00000000000000      0  -1.19799627888472      1  15
     16
    0.00000000000000   8.42569559216439     -1   0.00000000000000      0  13
    0.00000000000000   8.42569559216439     -1   0.00000000000000      0  13
     17
    0.00000000000000   0.00000000000000      0   1.36116211202654      1  15
    0.00000000000000   0.00000000000000      0   1.36116211202654      1  15
     18
    0.00000000000000  -8.29936510094368     -1   0.00000000000000      0  13
    0.00000000000000  -8.29936510094368     -1   0.00000000000000      0  13
     19
    0.00000000000000   0.00000000000000      0  -1.52363378497598      1  15
    0.00000000000000   0.00000000000000      0  -1.52363378497598      1  15
     20
    0.00000000000000   8.22032133827641     -1   0.00000000000000      0  13
    0.00000000000000   8.22032133827641     -1   0.00000000000000      0  13
     21
    0.00000000000000   0.00000000000000      0   1.68567891308087      1  15
    0.00000000000000   0.00000000000000      0   1.68567891308087      1  15
     22
    0.00000000000000  -8.16766182006918     -1   0.00000000000000      0  13
    0.00000000000000  -8.16766182006918     -1   0.00000000000000      0  13
     23
    0.00000000000000   0.00000000000000      0  -1.84740151647519      1  15
    0.00000000000000   0.00000000000000      0  -1.84740151647519      1  15
     24
    0.00000000000000   8.13073942418651     -1   0.00000000000000      0  13
    0.00000000000000   8.13073942418651     -1   0.00000000000000      0  13
     25
    0.00000000000000   0.00000000000000      0   2.00886043064340      1  15
    0.00000000000000   0.00000000000000      0   2.00886043064340      1  15
     26
    0.00000000000000  -8.10181095687880     -1   0.00000000000000      0  13
    0.00000000000000  -8.10181095687880     -1   0.00000000000000      0  13
     27
    0.00000000000000   0.00000000000000      0  -2.17009803118768      1  15
    0.00000000000000   0.00000000000000      0  -2.17009803118768      1  15
     28
    0.00000000000000   8.03203617603708     -1   0.00000000000000      0  12
    0.00000000000000   8.03203617603708     -1   0.00000000000000      0  12
     29
    0.00000000000000   0.00000000000000      0   2.33114803080984      1  15
    0.00000000000000   0.00000000000000      0   2.33114803080984      1  15
     30
    0.00000000000000  -7.16373909007744     -1   0.00000000000000      0  12
    0.00000000000000  -7.16373909007744     -1   0.00000000000000      0  12
     31
    0.00000000000000   0.00000000000000      0  -2.49203812973961      1  15
    0.00000000000000   0.00000000000000      0  -2.49203812973961      1  15
     32
    0.00000000000000   7.20169342976137     -1   0.00000000000000      0  12
    0.00000000000000   7.20169342976137     -1   0.00000000000000      0  12
     33
    0.00000000000000   0.00000000000000      0   2.65279131153320      1  15
    0.00000000000000   0.00000000000000      0   2.65279131153320      1  15
     34
    0.00000000000000  -7.23719567996391     -1   0.00000000000000      0  12
    0.00000000000000  -7.23719567996391     -1   0.00000000000000      0  12
     35
    0.00000000000000   0.00000000000000      0  -2.81342671771130      1  15
    0.00000000000000   0.00000000000000      0  -2.81342671771130      1  15
